6719.000000 -3206.000000 -6056.000000
4946.000000 -3290.000000 -7954.000000
6204.000000 -2371.000000 -7714.000000
5022.000000 -3230.000000 -7157.000000
6465.000000 -3278.000000 -7286.000000
6819.000000 -1758.000000 -7243.000000
5228.000000 -2096.000000 -7406.000000
6666.000000 -2287.000000 -7652.000000
7253.000000 -859.000000 -7157.000000
6432.000000 425.000000 -6783.000000
6317.000000 -1569.000000 -6587.000000
7652.000000 -1153.000000 -6824.000000
7695.000000 442.000000 -6403.000000
7317.000000 -1131.000000 -6822.000000
7664.000000 1617.000000 -5621.000000
7353.000000 -447.000000 -5556.000000
8401.000000 299.000000 -6075.000000
9296.000000 1940.000000 -4350.000000
8765.000000 466.000000 -4422.000000
8803.000000 1500.000000 -2847.000000
9799.000000 710.000000 -3455.000000
8935.000000 715.000000 -2144.000000
10225.000000 83.000000 -2376.000000
9509.000000 1084.000000 -1323.000000
9516.000000 -301.000000 -1756.000000
10327.000000 1007.000000 -1095.000000
10160.000000 1588.000000 351.000000
8949.000000 1655.000000 1411.000000
9428.000000 2811.000000 2024.000000
9066.000000 1488.000000 507.000000
9566.000000 2522.000000 1318.000000
10351.000000 1296.000000 442.000000
8695.000000 2706.000000 1325.000000
10091.000000 2771.000000 811.000000
8652.000000 3125.000000 265.000000
10064.000000 2948.000000 -220.000000
10181.000000 1665.000000 -1280.000000
8827.000000 2445.000000 -890.000000
9957.000000 1581.000000 -1402.000000
9148.000000 354.000000 -1871.000000
10134.000000 -674.000000 -1684.000000
9047.000000 -1584.000000 -928.000000
8478.000000 -3649.000000 -911.000000
9528.000000 -2589.000000 -906.000000
9141.000000 -1801.000000 296.000000
10289.000000 -1225.000000 942.000000
10227.000000 -2144.000000 -562.000000
9210.000000 -3340.000000 -830.000000
9588.000000 -2041.000000 -114.000000
9454.000000 -1110.000000 1141.000000
10440.000000 -43.000000 1048.000000
10107.000000 -1483.000000 495.000000
9169.000000 -435.000000 1318.000000
10268.000000 21.000000 2122.000000
9260.000000 -646.000000 3261.000000
9653.000000 -2447.000000 2072.000000
9169.000000 -1974.000000 672.000000
9287.000000 23.000000 2603.000000
8521.000000 234.000000 4101.000000
9660.000000 -452.000000 3469.000000
10222.000000 -492.000000 2031.000000
9105.000000 342.000000 2785.000000
9521.000000 502.000000 1395.000000
10234.000000 373.000000 129.000000
10402.000000 -122.000000 -1340.000000
9155.000000 799.000000 -729.000000
10394.000000 416.000000 -1378.000000
9071.000000 713.000000 -2254.000000
8856.000000 349.000000 -3627.000000
8997.000000 1509.000000 -2744.000000
8731.000000 533.000000 -3802.000000
8861.000000 -600.000000 -4687.000000
9863.000000 1239.000000 -3156.000000
9423.000000 -1471.000000 -4371.000000
10158.000000 624.000000 -2440.000000
9062.000000 1620.000000 -940.000000
10296.000000 447.000000 -1507.000000
9882.000000 1799.000000 -741.000000
10335.000000 607.000000 -1667.000000
10150.000000 1122.000000 538.000000
10181.000000 2227.000000 -638.000000
9141.000000 354.000000 -1507.000000
10359.000000 1390.000000 -894.000000
9351.000000 2108.000000 153.000000
8815.000000 3383.000000 871.000000
8176.000000 4754.000000 1160.000000
7406.000000 5716.000000 1909.000000
8822.000000 5329.000000 1062.000000
7631.000000 6070.000000 2041.000000
7954.000000 4560.000000 1107.000000
7942.000000 5965.000000 1275.000000
6970.000000 6891.000000 1998.000000
7609.000000 5680.000000 1383.000000
7442.000000 7068.000000 1835.000000
7662.000000 5953.000000 507.000000
6922.000000 7001.000000 1373.000000
5845.000000 7755.000000 2112.000000
6649.000000 6350.000000 1691.000000
6762.000000 7808.000000 1730.000000
5175.000000 7427.000000 1842.000000
6415.000000 7693.000000 1241.000000
4915.000000 8047.000000 985.000000
3486.000000 8315.000000 1871.000000
5166.000000 9021.000000 1471.000000
3680.000000 8602.000000 1107.000000
2440.000000 8961.000000 1761.000000
4706.000000 9320.000000 547.000000
1916.000000 8961.000000 1275.000000
3352.000000 9365.000000 1177.000000
1856.000000 10170.000000 1296.000000
2428.000000 8978.000000 461.000000
1655.000000 10232.000000 727.000000
409.000000 9236.000000 337.000000
1395.000000 10186.000000 789.000000
882.000000 9203.000000 -294.000000
-636.000000 9253.000000 -492.000000
650.000000 9887.000000 -337.000000
138.000000 9313.000000 -1636.000000
-461.000000 9131.000000 -2943.000000
961.000000 9344.000000 -2570.000000
-358.000000 9969.000000 -2725.000000
1215.000000 9892.000000 -2651.000000
-313.000000 9581.000000 -2806.000000
1447.000000 9980.000000 -2586.000000
478.000000 9662.000000 -1375.000000
1050.000000 10241.000000 -107.000000
-744.000000 9153.000000 772.000000
495.000000 9916.000000 1206.000000
-2290.000000 8844.000000 1153.000000
40.000000 9897.000000 1883.000000
-971.000000 9129.000000 2756.000000
-2096.000000 8846.000000 1876.000000
-1340.000000 9665.000000 2723.000000
-2675.000000 8526.000000 2428.000000
-1660.000000 10045.000000 2445.000000
-2323.000000 8686.000000 2014.000000
-1940.000000 9971.000000 2392.000000
-2201.000000 8942.000000 1227.000000
-4211.000000 8057.000000 1421.000000
-3589.000000 9260.000000 2105.000000
-1330.000000 10241.000000 1349.000000
-2849.000000 9523.000000 1380.000000
-4304.000000 8203.000000 519.000000
-4075.000000 9365.000000 1332.000000
-4577.000000 8083.000000 -263.000000
-3728.000000 9064.000000 418.000000
-2148.000000 8940.000000 -500.000000
-2108.000000 10234.000000 16.000000
-2775.000000 8985.000000 -969.000000
-763.000000 10332.000000 -1517.000000
-2146.000000 8746.000000 -2115.000000
-1921.000000 10043.000000 -1553.000000
-634.000000 9377.000000 -2215.000000
-2105.000000 9555.000000 -2261.000000
442.000000 8968.000000 -2261.000000
1959.000000 9466.000000 -2361.000000
327.000000 9483.000000 -2333.000000
-1203.000000 9610.000000 -2285.000000
282.000000 9842.000000 -2069.000000
2034.000000 8896.000000 -1825.000000
3627.000000 9569.000000 -2287.000000
2060.000000 9301.000000 -1998.000000
4151.000000 9521.000000 -1112.000000
2792.000000 8712.000000 -1091.000000
2660.000000 9712.000000 -114.000000
4898.000000 9227.000000 -557.000000
3321.000000 8679.000000 229.000000
4527.000000 9425.000000 514.000000
5118.000000 8030.000000 98.000000
4209.000000 8868.000000 859.000000
6180.000000 8415.000000 966.000000
4462.000000 7954.000000 1296.000000
5824.000000 7968.000000 1557.000000
6652.000000 6822.000000 2103.000000
8248.000000 5994.000000 2263.000000
9126.000000 4680.000000 1962.000000
7585.000000 4671.000000 2316.000000
8875.000000 5202.000000 1797.000000
9215.000000 3620.000000 1361.000000
7138.000000 5613.000000 1998.000000
8523.000000 5910.000000 1483.000000
9172.000000 4860.000000 -236.000000
8037.000000 5719.000000 782.000000
7360.000000 6767.000000 1615.000000
8930.000000 4649.000000 143.000000
8124.000000 6446.000000 -559.000000
6731.000000 6822.000000 165.000000
6125.000000 8109.000000 -138.000000
7810.000000 6879.000000 784.000000
7607.000000 6384.000000 -792.000000
6918.000000 6937.000000 442.000000
8207.000000 6164.000000 -203.000000
7248.000000 7571.000000 -112.000000
5838.000000 8648.000000 485.000000
4309.000000 8767.000000 1014.000000
6626.000000 7607.000000 1730.000000
7793.000000 5039.000000 930.000000
9153.000000 4661.000000 966.000000
10083.000000 2522.000000 390.000000
8662.000000 3292.000000 643.000000
8375.000000 4735.000000 1060.000000
7322.000000 5429.000000 2168.000000
7245.000000 6956.000000 2036.000000
8650.000000 5769.000000 55.000000
8650.000000 4135.000000 -107.000000
7913.000000 5482.000000 196.000000
7420.000000 6874.000000 110.000000
7499.000000 5434.000000 -370.000000
6927.000000 6793.000000 -150.000000
5743.000000 7683.000000 -196.000000
7085.000000 7133.000000 -330.000000
7923.000000 5790.000000 -631.000000
8368.000000 4302.000000 -476.000000
7954.000000 5699.000000 -253.000000
7647.000000 7135.000000 -258.000000
7872.000000 5554.000000 -263.000000
8566.000000 4280.000000 -308.000000
9093.000000 3048.000000 222.000000
9478.000000 1866.000000 1380.000000
10275.000000 1167.000000 -1251.000000
9117.000000 -1158.000000 459.000000
9667.000000 177.000000 399.000000
10160.000000 1545.000000 368.000000
9808.000000 2948.000000 -239.000000
9133.000000 1146.000000 629.000000
10397.000000 684.000000 177.000000
9519.000000 -593.000000 519.000000
8963.000000 -2055.000000 375.000000
10371.000000 -1268.000000 184.000000
10021.000000 -2857.000000 337.000000
8624.000000 -3622.000000 38.000000
7786.000000 -5039.000000 282.000000
8774.000000 -3981.000000 64.000000
9507.000000 -2778.000000 -284.000000
8987.000000 -4209.000000 246.000000
7509.000000 -5396.000000 62.000000
8975.000000 -5068.000000 7.000000
7944.000000 -6429.000000 -184.000000
6716.000000 -7327.000000 90.000000
7561.000000 -5233.000000 -306.000000
7666.000000 -6719.000000 -236.000000
6049.000000 -7114.000000 -107.000000
5723.000000 -8715.000000 -232.000000
6391.000000 -7090.000000 -76.000000
7521.000000 -6202.000000 -449.000000
6685.000000 -7530.000000 -232.000000
5482.000000 -8750.000000 -299.000000
3799.000000 -9657.000000 -76.000000
4984.000000 -8549.000000 -296.000000
3936.000000 -9669.000000 -423.000000
5441.000000 -7542.000000 -346.000000
5329.000000 -8916.000000 -612.000000
2684.000000 -10067.000000 -141.000000
3651.000000 -8461.000000 -471.000000
3232.000000 -9933.000000 -442.000000
1734.000000 -9162.000000 -358.000000
3115.000000 -9643.000000 -399.000000
1588.000000 -9677.000000 -349.000000
122.000000 -10031.000000 -521.000000
-1938.000000 -10220.000000 -370.000000
-1139.000000 -10110.000000 -837.000000
-2316.000000 -9263.000000 -1409.000000
-4532.000000 -7997.000000 -811.000000
-3967.000000 -9289.000000 -923.000000
-2491.000000 -9746.000000 -1287.000000
-3453.000000 -8449.000000 -1562.000000
-2498.000000 -9444.000000 -1739.000000
-4146.000000 -9502.000000 -1292.000000
-5975.000000 -7597.000000 -1308.000000
-5455.000000 -8944.000000 -658.000000
-3821.000000 -8064.000000 -2280.000000
-5278.000000 -8322.000000 -1967.000000
-3823.000000 -8485.000000 -1598.000000
-5192.000000 -7954.000000 -1682.000000
-6068.000000 -6676.000000 -1921.000000
-5704.000000 -8011.000000 -1832.000000
-3141.000000 -8949.000000 -2469.000000
-2012.000000 -9590.000000 -1275.000000
-2495.000000 -9289.000000 387.000000
-4785.000000 -8581.000000 -1758.000000
-7040.000000 -7150.000000 -1909.000000
-5305.000000 -8829.000000 -2007.000000
-3905.000000 -8186.000000 -2524.000000
-5463.000000 -8057.000000 -2562.000000
-4087.000000 -7769.000000 -3357.000000
-5455.000000 -6628.000000 -3642.000000
-6805.000000 -6195.000000 -3266.000000
-5762.000000 -6066.000000 -4307.000000
-5405.000000 -7095.000000 -3378.000000
-4766.000000 -6011.000000 -5831.000000
-5144.000000 -7197.000000 -3665.000000
-7401.000000 -6145.000000 -3553.000000
-5984.000000 -6422.000000 -4659.000000
-6358.000000 -6453.000000 -2191.000000
-5884.000000 -7257.000000 -4601.000000
-6243.000000 -7442.000000 -2806.000000
-5439.000000 -7303.000000 -4692.000000
-4237.000000 -5472.000000 -6130.000000
-5297.000000 -6212.000000 -4319.000000
-6137.000000 -7331.000000 -4240.000000
-4714.000000 -6638.000000 -4505.000000
-3704.000000 -6745.000000 -6408.000000
-4544.000000 -7911.000000 -3785.000000
-6161.000000 -7104.000000 -3108.000000
-5685.000000 -6386.000000 -4455.000000
-4075.000000 -7154.000000 -5173.000000
-4895.000000 -7418.000000 -2744.000000
-5817.000000 -7741.000000 -3790.000000
-5520.000000 -6396.000000 -4601.000000
-4888.000000 -8188.000000 -4379.000000
-3429.000000 -7487.000000 -4769.000000
-2763.000000 -7207.000000 -6693.000000
-2526.000000 -7635.000000 -5046.000000
-4123.000000 -6839.000000 -4663.000000
-5214.000000 -7698.000000 -4572.000000
-3699.000000 -7293.000000 -4663.000000
-2818.000000 -7473.000000 -6609.000000
-3259.000000 -7808.000000 -3965.000000
-3496.000000 -7492.000000 -5683.000000
-3319.000000 -7724.000000 -3847.000000
-1636.000000 -7930.000000 -4379.000000
-2639.000000 -8952.000000 -4094.000000
-3168.000000 -8952.000000 -1533.000000
-2742.000000 -9009.000000 -4266.000000
-1337.000000 -8676.000000 -3687.000000
-2471.000000 -9557.000000 -3194.000000
-1206.000000 -8703.000000 -3563.000000
-734.000000 -9791.000000 -2773.000000
-1438.000000 -9172.000000 -4627.000000
198.000000 -8447.000000 -5884.000000
-930.000000 -8841.000000 -4872.000000
579.000000 -9516.000000 -2787.000000
-169.000000 -9310.000000 83.000000
-1509.000000 -9684.000000 660.000000
-3079.000000 -9827.000000 155.000000
-4084.000000 -8277.000000 294.000000
-3129.000000 -9988.000000 753.000000
-1832.000000 -9016.000000 985.000000
-4522.000000 -8523.000000 514.000000
-6652.000000 -7973.000000 217.000000
-4989.000000 -7961.000000 81.000000
-3292.000000 -8858.000000 203.000000
-2211.000000 -9772.000000 866.000000
-878.000000 -10110.000000 193.000000
-2079.000000 -9143.000000 153.000000
-4661.000000 -9248.000000 114.000000
-3120.000000 -8767.000000 155.000000
-4757.000000 -7937.000000 536.000000
-6233.000000 -7781.000000 203.000000
-4730.000000 -8389.000000 229.000000
-6295.000000 -7796.000000 411.000000
-4883.000000 -8396.000000 308.000000
-6271.000000 -7822.000000 189.000000
-4446.000000 -8080.000000 619.000000
-5738.000000 -7765.000000 177.000000
-7209.000000 -7604.000000 514.000000
-5649.000000 -7317.000000 138.000000
-6949.000000 -6798.000000 129.000000
-8358.000000 -6166.000000 464.000000
-6700.000000 -6307.000000 186.000000
-8059.000000 -6398.000000 464.000000
-7915.000000 -4850.000000 705.000000
-8810.000000 -3776.000000 765.000000
-9935.000000 -2797.000000 1000.000000
-9162.000000 -2933.000000 2392.000000
-9121.000000 -1414.000000 2074.000000
-8411.000000 -3486.000000 2766.000000
-9662.000000 -1694.000000 2984.000000
-9150.000000 -349.000000 3969.000000
-8549.000000 -1567.000000 3055.000000
-9088.000000 -2641.000000 4211.000000
-8097.000000 -1328.000000 4199.000000
-9485.000000 -1500.000000 4125.000000
-10045.000000 -1153.000000 2696.000000
-8801.000000 -2060.000000 2337.000000
-9930.000000 -1734.000000 1517.000000
-9875.000000 -3077.000000 734.000000
-8265.000000 -4156.000000 696.000000
-9662.000000 -3826.000000 648.000000
-7542.000000 -5381.000000 746.000000
-8894.000000 -4862.000000 1081.000000
-8179.000000 -6169.000000 701.000000
-8183.000000 -4551.000000 629.000000
-7336.000000 -5599.000000 1064.000000
-7382.000000 -6676.000000 1990.000000
-6087.000000 -7578.000000 2062.000000
-4671.000000 -7958.000000 2371.000000
-2713.000000 -8246.000000 3153.000000
-2010.000000 -9672.000000 3395.000000
-906.000000 -8478.000000 3651.000000
653.000000 -8365.000000 3828.000000
-1316.000000 -9356.000000 4446.000000
-402.000000 -8040.000000 4491.000000
2132.000000 -7946.000000 4295.000000
1421.000000 -9327.000000 4331.000000
-179.000000 -9480.000000 4158.000000
1184.000000 -8616.000000 4831.000000
2380.000000 -6810.000000 5790.000000
3046.000000 -6628.000000 7200.000000
3852.000000 -7032.000000 5580.000000
4070.000000 -7726.000000 3701.000000
4173.000000 -6733.000000 4919.000000
3235.000000 -8219.000000 5668.000000
1921.000000 -7236.000000 5582.000000
3374.000000 -7645.000000 5113.000000
4364.000000 -6551.000000 5568.000000
2845.000000 -6669.000000 5685.000000
1940.000000 -6532.000000 7920.000000
3630.000000 -6027.000000 6075.000000
3989.000000 -7410.000000 5728.000000
5565.000000 -6566.000000 5972.000000
4048.000000 -7214.000000 6310.000000
4840.000000 -4486.000000 6444.000000
5853.000000 -2816.000000 6874.000000
7097.000000 -3405.000000 6463.000000
5506.000000 -5565.000000 6501.000000
3890.000000 -5362.000000 6638.000000
4931.000000 -6396.000000 6494.000000
5982.000000 -5259.000000 6829.000000
6590.000000 -3811.000000 7197.000000
6202.000000 -2093.000000 7509.000000
6075.000000 -282.000000 6975.000000
5702.000000 863.000000 7793.000000
6061.000000 -361.000000 6934.000000
6393.000000 -1988.000000 7415.000000
6468.000000 -3584.000000 6941.000000
4515.000000 -5889.000000 7174.000000
5166.000000 -4532.000000 6700.000000
5766.000000 -5446.000000 5431.000000
5302.000000 -5561.000000 6973.000000
4895.000000 -3950.000000 7183.000000
5329.000000 -2584.000000 7717.000000
6056.000000 -1304.000000 7540.000000
5898.000000 -2706.000000 6829.000000
5429.000000 -3807.000000 7583.000000
4202.000000 -2811.000000 7695.000000
5510.000000 -3582.000000 7075.000000
5111.000000 -2084.000000 7449.000000
5558.000000 -4175.000000 6264.000000
5912.000000 -5599.000000 6097.000000
5065.000000 -4903.000000 7530.000000
4190.000000 -3496.000000 7549.000000
4666.000000 -2168.000000 7884.000000
6142.000000 -2246.000000 7657.000000
4855.000000 -3070.000000 7824.000000
5015.000000 -4443.000000 7171.000000
4395.000000 -3043.000000 7724.000000
4194.000000 -1799.000000 8554.000000
5649.000000 -1861.000000 7418.000000
6810.000000 -3031.000000 7308.000000
4848.000000 -4778.000000 7906.000000
4371.000000 -2926.000000 7875.000000
3888.000000 -1452.000000 8327.000000
5537.000000 -2096.000000 7169.000000
5391.000000 -3491.000000 7130.000000
3823.000000 -3575.000000 7568.000000
4711.000000 -4831.000000 7578.000000
5810.000000 -2811.000000 8248.000000
4307.000000 -2565.000000 7805.000000
5152.000000 -3732.000000 7293.000000
4202.000000 -2704.000000 7985.000000
5695.000000 -2510.000000 7868.000000
4522.000000 -1694.000000 8432.000000
6001.000000 -3000.000000 7310.000000
4697.000000 -2170.000000 7815.000000
4805.000000 -4266.000000 7671.000000
3316.000000 -4302.000000 7913.000000
2510.000000 -3165.000000 8368.000000
3828.000000 -2663.000000 8530.000000
5242.000000 -3328.000000 8365.000000
4886.000000 -1732.000000 7604.000000
6279.000000 -1459.000000 7535.000000
5362.000000 -3419.000000 8243.000000
4927.000000 -1722.000000 7798.000000
6527.000000 -3469.000000 7171.000000
4577.000000 -3072.000000 7997.000000
4862.000000 -1469.000000 7683.000000
6310.000000 -1698.000000 7798.000000
5482.000000 -3898.000000 7779.000000
3929.000000 -3642.000000 7633.000000
2474.000000 -3967.000000 9066.000000
375.000000 -5116.000000 8305.000000
1043.000000 -6025.000000 7238.000000
2766.000000 -6314.000000 7303.000000
4965.000000 -5101.000000 7619.000000
5467.000000 -3496.000000 7798.000000
5666.000000 -1880.000000 8224.000000
3409.000000 -3883.000000 7935.000000
4010.000000 -2160.000000 7999.000000
5223.000000 -3886.000000 7327.000000
3173.000000 -3895.000000 7906.000000
3386.000000 -5369.000000 8028.000000
3857.000000 -3890.000000 8327.000000
3855.000000 -2235.000000 8538.000000
5140.000000 -1923.000000 7935.000000
2821.000000 -3505.000000 8535.000000
1617.000000 -1904.000000 9040.000000
665.000000 -545.000000 9224.000000
2493.000000 -2483.000000 8818.000000
3773.000000 -1706.000000 8454.000000
5065.000000 -2455.000000 8432.000000
3558.000000 -2577.000000 8616.000000
3010.000000 -5274.000000 7887.000000
2000.000000 -3252.000000 9473.000000
1555.000000 -1553.000000 9069.000000
2756.000000 50.000000 8784.000000
3993.000000 -715.000000 8509.000000
5484.000000 -2720.000000 8124.000000
4481.000000 -1823.000000 8856.000000
2921.000000 -1536.000000 9210.000000
3156.000000 -3118.000000 8552.000000
3338.000000 -4685.000000 8765.000000
2242.000000 -3467.000000 8832.000000
2278.000000 -1988.000000 8837.000000
2816.000000 -658.000000 8829.000000
3488.000000 -2984.000000 8959.000000
2450.000000 -1892.000000 8729.000000
1421.000000 -961.000000 9528.000000
2400.000000 -2579.000000 9272.000000
3570.000000 -3644.000000 9105.000000
2672.000000 -2306.000000 8882.000000
3041.000000 -830.000000 8750.000000
4223.000000 -1641.000000 8628.000000
2938.000000 -2505.000000 8806.000000
2438.000000 -3893.000000 9088.000000
2972.000000 -2464.000000 9421.000000
4340.000000 -1672.000000 8954.000000
4324.000000 4.000000 8887.000000
3522.000000 -1438.000000 8581.000000
3153.000000 -2907.000000 8810.000000
2407.000000 -4151.000000 9050.000000
2232.000000 -2514.000000 9016.000000
2153.000000 -1057.000000 9107.000000
3103.000000 -2275.000000 8935.000000
1952.000000 -3094.000000 9332.000000
2404.000000 -1538.000000 9830.000000
2529.000000 -2591.000000 8719.000000
1696.000000 -3857.000000 8660.000000
1332.000000 -2517.000000 9504.000000
2385.000000 -1438.000000 9184.000000
3725.000000 -2110.000000 9011.000000
2225.000000 -1816.000000 9157.000000
1646.000000 -3175.000000 9054.000000
1663.000000 -1746.000000 9365.000000
3094.000000 -1519.000000 8971.000000
2208.000000 -2603.000000 9394.000000
2086.000000 -1067.000000 9459.000000
3062.000000 -2256.000000 9229.000000
1562.000000 -2328.000000 9014.000000
2447.000000 -1490.000000 9777.000000
2771.000000 -2768.000000 8930.000000
1646.000000 -1646.000000 9248.000000
741.000000 -476.000000 9310.000000
1526.000000 -1574.000000 9813.000000
2926.000000 -880.000000 9904.000000
2342.000000 -2395.000000 9413.000000
2086.000000 -825.000000 9119.000000
2297.000000 -2364.000000 9121.000000
1347.000000 -1320.000000 9504.000000
2543.000000 -617.000000 8904.000000
1859.000000 -1785.000000 9437.000000
2323.000000 -289.000000 9519.000000
1878.000000 -1677.000000 9205.000000
878.000000 -873.000000 9875.000000
2261.000000 -1514.000000 9586.000000
2682.000000 14.000000 9562.000000
1670.000000 -1282.000000 9679.000000
346.000000 -500.000000 9844.000000
1210.000000 -1679.000000 9497.000000
863.000000 -258.000000 9863.000000
2122.000000 -1031.000000 9306.000000
1028.000000 -363.000000 10050.000000
954.000000 -1691.000000 9313.000000
1574.000000 933.000000 9969.000000
744.000000 -402.000000 9782.000000
-483.000000 -1227.000000 9897.000000
476.000000 26.000000 9523.000000
289.000000 -1390.000000 9686.000000
990.000000 33.000000 9662.000000
122.000000 -1143.000000 9904.000000
-294.000000 282.000000 10155.000000
1249.000000 504.000000 9729.000000
-224.000000 430.000000 10071.000000
88.000000 1928.000000 9909.000000
-1256.000000 2598.000000 9543.000000
-19.000000 1399.000000 9392.000000
-830.000000 2570.000000 9497.000000
-339.000000 1000.000000 9600.000000
-940.000000 2447.000000 9612.000000
143.000000 1177.000000 9368.000000
-760.000000 2285.000000 9562.000000
-1143.000000 4714.000000 9277.000000
-715.000000 3230.000000 8916.000000
-490.000000 1770.000000 9133.000000
-1198.000000 2838.000000 9693.000000
-2244.000000 4816.000000 8392.000000
-2208.000000 2656.000000 9636.000000
-1445.000000 1411.000000 9004.000000
-1153.000000 3070.000000 9009.000000
-1696.000000 1675.000000 9131.000000
-492.000000 768.000000 9157.000000
-83.000000 2273.000000 9102.000000
-294.000000 3725.000000 9016.000000
-1770.000000 3618.000000 9143.000000
-653.000000 5085.000000 9052.000000
-488.000000 3498.000000 8992.000000
-1478.000000 4611.000000 9279.000000
-2053.000000 5252.000000 7616.000000
-1191.000000 3874.000000 9523.000000
129.000000 4553.000000 9028.000000
-906.000000 2883.000000 9148.000000
-1536.000000 4383.000000 8846.000000
-516.000000 5666.000000 8734.000000
-748.000000 4044.000000 8813.000000
284.000000 2864.000000 8861.000000
1201.000000 3967.000000 8770.000000
-244.000000 3536.000000 8727.000000
-634.000000 4934.000000 9126.000000
997.000000 4764.000000 9253.000000
308.000000 3378.000000 8849.000000
1687.000000 3579.000000 9255.000000
586.000000 4694.000000 9093.000000
1493.000000 3390.000000 8875.000000
2632.000000 2280.000000 8863.000000
2392.000000 3716.000000 9255.000000
2031.000000 2239.000000 8997.000000
2610.000000 906.000000 9133.000000
2692.000000 2333.000000 9600.000000
2577.000000 868.000000 9138.000000
2101.000000 2392.000000 9296.000000
2883.000000 1076.000000 9217.000000
2577.000000 2459.000000 9610.000000
3058.000000 741.000000 9241.000000
2182.000000 -476.000000 9533.000000
1907.000000 1165.000000 9727.000000
2213.000000 -447.000000 9715.000000
646.000000 -509.000000 9705.000000
88.000000 849.000000 9873.000000
1517.000000 1055.000000 9495.000000
2945.000000 346.000000 9251.000000
1608.000000 -236.000000 9686.000000
902.000000 -1600.000000 9528.000000
-299.000000 -667.000000 9653.000000
662.000000 483.000000 9602.000000
2029.000000 -392.000000 9332.000000
3053.000000 -1478.000000 9631.000000
1689.000000 -830.000000 10167.000000
1430.000000 710.000000 9969.000000
114.000000 -210.000000 9712.000000
19.000000 -1758.000000 9394.000000
-772.000000 -2995.000000 9361.000000
-93.000000 -1648.000000 9287.000000
1005.000000 -361.000000 9241.000000
203.000000 -961.000000 10284.000000
212.000000 -2447.000000 9775.000000
-129.000000 -880.000000 9578.000000
-528.000000 720.000000 9593.000000
569.000000 -437.000000 9684.000000
1165.000000 -1768.000000 10007.000000
-196.000000 -2407.000000 9684.000000
-1603.000000 -1777.000000 9449.000000
-184.000000 -1127.000000 9581.000000
315.000000 -2323.000000 10227.000000
-1064.000000 -1622.000000 9571.000000
-244.000000 -296.000000 9882.000000
229.000000 -1742.000000 9540.000000
-1294.000000 -1462.000000 9590.000000
-756.000000 -2704.000000 8818.000000
-1809.000000 -1945.000000 9499.000000
-832.000000 -894.000000 9911.000000
378.000000 -1813.000000 9882.000000
-739.000000 -811.000000 9619.000000
-1574.000000 -1976.000000 9117.000000
-1445.000000 -3445.000000 9358.000000
-1378.000000 -1926.000000 9509.000000
-1019.000000 -574.000000 10172.000000
-988.000000 -2041.000000 9440.000000
-1730.000000 -3330.000000 9133.000000
-2206.000000 -1952.000000 9533.000000
-55.000000 -3634.000000 9418.000000
-1974.000000 -1328.000000 9162.000000
-2407.000000 -2579.000000 9858.000000
-890.000000 -1919.000000 9533.000000
-1828.000000 -3027.000000 8995.000000
-3019.000000 -3843.000000 9200.000000
-3876.000000 -2467.000000 9052.000000
-3225.000000 -1060.000000 9200.000000
-1911.000000 -193.000000 9289.000000
-617.000000 -849.000000 9368.000000
-23.000000 -2206.000000 10062.000000
-375.000000 713.000000 10050.000000
-2921.000000 -748.000000 9476.000000
-1897.000000 -1868.000000 9521.000000
-1110.000000 -3917.000000 9545.000000
-2471.000000 -2256.000000 8722.000000
-3402.000000 -3354.000000 9222.000000
-2775.000000 -1957.000000 8935.000000
-2426.000000 -626.000000 9550.000000
-1744.000000 -1998.000000 9432.000000
-3062.000000 -1234.000000 9325.000000
-2818.000000 -2694.000000 8990.000000
-2254.000000 -1531.000000 9777.000000
-1486.000000 -244.000000 9432.000000
-2794.000000 -861.000000 9617.000000
-4173.000000 -1289.000000 9148.000000
-3340.000000 -2455.000000 8583.000000
-3429.000000 -1074.000000 8949.000000
-2715.000000 -2359.000000 9205.000000
-3208.000000 -863.000000 9227.000000
-4194.000000 -1500.000000 8329.000000
-3271.000000 -952.000000 9322.000000
-3905.000000 378.000000 8959.000000
-3555.000000 -1064.000000 8837.000000
-3960.000000 -2474.000000 8798.000000
-3993.000000 -961.000000 8772.000000
-3316.000000 -2402.000000 8638.000000
-2938.000000 -1028.000000 8995.000000
-3067.000000 -2459.000000 9007.000000
-4343.000000 -1763.000000 8535.000000
-3661.000000 -3106.000000 8667.000000
-3756.000000 -1603.000000 8478.000000
-4087.000000 -2988.000000 8502.000000
-3249.000000 -4297.000000 8549.000000
-4477.000000 -3082.000000 8317.000000
-3388.000000 -4242.000000 8040.000000
-4474.000000 -3280.000000 8236.000000
-4477.000000 -983.000000 8076.000000
-4654.000000 -2658.000000 8906.000000
-3448.000000 -3890.000000 8724.000000
-2313.000000 -5187.000000 8198.000000
-2852.000000 -3675.000000 8281.000000
-3412.000000 -2290.000000 8473.000000
-2433.000000 -3386.000000 8255.000000
-3122.000000 -4639.000000 8298.000000
-2905.000000 -2893.000000 8277.000000
-2605.000000 -4247.000000 8308.000000
-3914.000000 -3589.000000 8281.000000
-2792.000000 -4594.000000 8521.000000
-4099.000000 -4371.000000 7755.000000
-3735.000000 -2893.000000 7949.000000
-2601.000000 -3383.000000 8760.000000
-3934.000000 -3441.000000 7982.000000
-3902.000000 -5355.000000 7121.000000
-2598.000000 -4917.000000 8784.000000
-3694.000000 -3010.000000 7935.000000
-4783.000000 -1600.000000 7812.000000
-5845.000000 -2536.000000 8176.000000
-4326.000000 -4118.000000 8526.000000
-3352.000000 -2821.000000 8447.000000
-4582.000000 -3510.000000 8183.000000
-3711.000000 -2388.000000 8710.000000
-3488.000000 -871.000000 8940.000000
-3802.000000 746.000000 9413.000000
-2897.000000 -421.000000 8961.000000
-4283.000000 -794.000000 8916.000000
-3843.000000 722.000000 8987.000000
-2704.000000 -157.000000 9385.000000
-4283.000000 1014.000000 8947.000000
-4510.000000 -988.000000 9298.000000
-3699.000000 -2330.000000 8947.000000
-3737.000000 -648.000000 9744.000000
-2672.000000 579.000000 9789.000000
-2364.000000 2115.000000 9394.000000
-1986.000000 3548.000000 9181.000000
-1765.000000 1131.000000 9607.000000
-1952.000000 -440.000000 9885.000000
-3120.000000 574.000000 9942.000000
-2488.000000 -940.000000 9229.000000
-1988.000000 538.000000 9330.000000
-1021.000000 1646.000000 9344.000000
-2280.000000 923.000000 9492.000000
-1107.000000 -490.000000 9251.000000
751.000000 471.000000 10363.000000
995.000000 1878.000000 9650.000000
117.000000 708.000000 9277.000000
-1117.000000 196.000000 9964.000000
-2692.000000 1605.000000 8825.000000
-2053.000000 296.000000 9540.000000
-612.000000 -1239.000000 9528.000000
-1548.000000 150.000000 9361.000000
1208.000000 349.000000 9365.000000
-1380.000000 734.000000 10131.000000
174.000000 272.000000 9660.000000
1038.000000 -1323.000000 9650.000000
466.000000 155.000000 9478.000000
-1052.000000 442.000000 9875.000000
-289.000000 -885.000000 10103.000000
1634.000000 801.000000 10289.000000
2637.000000 2000.000000 9655.000000
452.000000 569.000000 9270.000000
-332.000000 -634.000000 9935.000000
1060.000000 -646.000000 9354.000000
2371.000000 122.000000 9600.000000
1672.000000 -1275.000000 9521.000000
1306.000000 107.000000 9937.000000
2227.000000 -878.000000 9153.000000
3481.000000 -1581.000000 9497.000000
1780.000000 -1533.000000 9078.000000
157.000000 -1600.000000 9310.000000
1170.000000 -2524.000000 9808.000000
2189.000000 -1421.000000 9231.000000
990.000000 -1024.000000 10399.000000
2060.000000 -1665.000000 9406.000000
3252.000000 -2024.000000 8559.000000
4615.000000 -2347.000000 8980.000000
3687.000000 -4560.000000 8485.000000
2510.000000 -3572.000000 8796.000000
799.000000 -3524.000000 8810.000000
658.000000 -2120.000000 9715.000000
1445.000000 -3847.000000 9456.000000
614.000000 -2409.000000 9406.000000
839.000000 -708.000000 9231.000000
1787.000000 349.000000 9066.000000
3314.000000 174.000000 8834.000000
4417.000000 -753.000000 8810.000000
5429.000000 -1950.000000 8770.000000
5666.000000 -3613.000000 7956.000000
6250.000000 -1167.000000 8329.000000
4702.000000 -854.000000 8303.000000
3352.000000 -2905.000000 9241.000000
1775.000000 -5044.000000 7702.000000
2916.000000 -4252.000000 8004.000000
3541.000000 -3108.000000 8681.000000
3931.000000 -1742.000000 9153.000000
4671.000000 -2402.000000 7990.000000
3330.000000 -2665.000000 8660.000000
2847.000000 -4058.000000 7978.000000
2529.000000 -5525.000000 7753.000000
3077.000000 -4280.000000 8691.000000
3673.000000 -2771.000000 8784.000000
4424.000000 -1426.000000 8688.000000
3292.000000 -3378.000000 7935.000000
3409.000000 -4951.000000 7255.000000
3570.000000 -6556.000000 6772.000000
2158.000000 -4627.000000 7736.000000
28.000000 -3888.000000 9275.000000
894.000000 -5599.000000 7365.000000
1263.000000 -7231.000000 7138.000000
4180.000000 -6681.000000 6920.000000
2756.000000 -5659.000000 7243.000000
3230.000000 -6504.000000 6051.000000
3177.000000 -7970.000000 5968.000000
1591.000000 -8025.000000 5599.000000
2914.000000 -7296.000000 5403.000000
1191.000000 -7298.000000 5606.000000
2268.000000 -8195.000000 5982.000000
3041.000000 -8806.000000 4625.000000
1746.000000 -8222.000000 5329.000000
3510.000000 -7267.000000 5786.000000
1404.000000 -6898.000000 6549.000000
2278.000000 -7511.000000 4843.000000
-382.000000 -8033.000000 4986.000000
732.000000 -9385.000000 4642.000000
-799.000000 -8801.000000 4446.000000
562.000000 -8159.000000 4606.000000
-380.000000 -9248.000000 4637.000000
-488.000000 -9705.000000 2263.000000
-1727.000000 -8657.000000 3998.000000
76.000000 -9176.000000 3323.000000
-1873.000000 -8892.000000 2816.000000
-2400.000000 -9899.000000 1440.000000
-2665.000000 -8341.000000 3074.000000
-2050.000000 -9368.000000 2223.000000
-1758.000000 -9933.000000 768.000000
-2771.000000 -8818.000000 564.000000
-2337.000000 -10081.000000 -184.000000
-4359.000000 -9531.000000 129.000000
-2782.000000 -9753.000000 220.000000
-1328.000000 -9988.000000 -236.000000
-2345.000000 -9710.000000 -1347.000000
-1773.000000 -8612.000000 -3204.000000
-404.000000 -8564.000000 -3701.000000
-1517.000000 -9679.000000 -3450.000000
-1229.000000 -8473.000000 -4407.000000
327.000000 -7846.000000 -5099.000000
-1902.000000 -8526.000000 -5398.000000
765.000000 -7451.000000 -6097.000000
83.000000 -8765.000000 -5668.000000
-923.000000 -7602.000000 -5994.000000
1141.000000 -6501.000000 -6547.000000
559.000000 -7836.000000 -6683.000000
-1155.000000 -7611.000000 -7016.000000
-124.000000 -6434.000000 -7052.000000
1017.000000 -7231.000000 -6647.000000
-708.000000 -7705.000000 -7080.000000
31.000000 -6448.000000 -7717.000000
1069.000000 -5288.000000 -7631.000000
1497.000000 -6640.000000 -7355.000000
-203.000000 -7078.000000 -7698.000000
691.000000 -5781.000000 -7707.000000
1143.000000 -4565.000000 -8358.000000
1031.000000 -3108.000000 -8648.000000
1696.000000 -4295.000000 -9081.000000
1342.000000 -2785.000000 -9208.000000
1275.000000 -1335.000000 -9622.000000
2270.000000 -2586.000000 -9545.000000
1509.000000 -4319.000000 -9442.000000
1737.000000 -2675.000000 -9602.000000
1385.000000 -1165.000000 -9897.000000
1218.000000 327.000000 -10067.000000
1725.000000 -1100.000000 -9653.000000
981.000000 157.000000 -10196.000000
315.000000 1631.000000 -10189.000000
634.000000 143.000000 -9803.000000
-495.000000 1502.000000 -10366.000000
138.000000 110.000000 -9978.000000
143.000000 1675.000000 -10129.000000
172.000000 134.000000 -9904.000000
342.000000 -1435.000000 -10091.000000
-181.000000 -14.000000 -9684.000000
184.000000 1402.000000 -9825.000000
-272.000000 2964.000000 -10026.000000
-603.000000 1301.000000 -9741.000000
-507.000000 -239.000000 -9978.000000
-1122.000000 1184.000000 -9767.000000
-1643.000000 2608.000000 -9590.000000
-375.000000 1454.000000 -9791.000000
26.000000 -81.000000 -10241.000000
-1093.000000 899.000000 -9590.000000
-641.000000 -461.000000 -10241.000000
-1600.000000 775.000000 -10103.000000
-559.000000 -335.000000 -9844.000000
-1986.000000 -363.000000 -10282.000000
-904.000000 662.000000 -9777.000000
-873.000000 -2156.000000 -9937.000000
-1773.000000 -873.000000 -9696.000000
-1318.000000 -2479.000000 -10064.000000
-2268.000000 -1052.000000 -9787.000000
-2581.000000 514.000000 -9650.000000
-1598.000000 -631.000000 -9612.000000
-1428.000000 -2084.000000 -9734.000000
-1694.000000 -512.000000 -9945.000000
-1471.000000 -1799.000000 -9162.000000
-361.000000 -1308.000000 -10031.000000
-1387.000000 -2208.000000 -9318.000000
-124.000000 -2670.000000 -10067.000000
-2840.000000 -1710.000000 -9069.000000
-1304.000000 -2158.000000 -9815.000000
232.000000 -2196.000000 -10076.000000
-1246.000000 -1864.000000 -9751.000000
-1818.000000 -514.000000 -9409.000000
-1005.000000 -1844.000000 -9246.000000
-186.000000 -3017.000000 -9375.000000
-1469.000000 -2349.000000 -9732.000000
-236.000000 -3244.000000 -9729.000000
-1593.000000 -2352.000000 -10057.000000
-1354.000000 -691.000000 -9689.000000
-971.000000 -2129.000000 -9361.000000
59.000000 -1198.000000 -9787.000000
-1387.000000 -1605.000000 -9878.000000
-62.000000 -2471.000000 -9851.000000
-1576.000000 -1935.000000 -9954.000000
-849.000000 -581.000000 -10198.000000
-1014.000000 -2380.000000 -10126.000000
-33.000000 -636.000000 -9689.000000
1270.000000 894.000000 -10270.000000
-86.000000 404.000000 -9454.000000
-1497.000000 -373.000000 -9483.000000
-2907.000000 -1332.000000 -9689.000000
-2689.000000 -3462.000000 -9471.000000
-3077.000000 -1720.000000 -8628.000000
-1830.000000 -1655.000000 -9294.000000
-306.000000 -1916.000000 -9892.000000
-1466.000000 -708.000000 -9791.000000
-155.000000 -1969.000000 -10189.000000
-1624.000000 -1447.000000 -10045.000000
-3232.000000 -1366.000000 -9739.000000
-1691.000000 -964.000000 -9449.000000
-105.000000 -1215.000000 -9961.000000
-1450.000000 -880.000000 -9365.000000
-2503.000000 -1825.000000 -9645.000000
-2890.000000 -370.000000 -9858.000000
-2431.000000 -2041.000000 -9538.000000
-409.000000 -2849.000000 -10024.000000
-1526.000000 -1167.000000 -9547.000000
-2940.000000 -1151.000000 -9179.000000
-1832.000000 -2445.000000 -9492.000000
-301.000000 -2455.000000 -9945.000000
-1591.000000 -1550.000000 -9758.000000
-4065.000000 -189.000000 -9657.000000
-2447.000000 -607.000000 -9811.000000
-1174.000000 -2251.000000 -10093.000000
-1737.000000 -311.000000 -9454.000000
-3263.000000 308.000000 -9320.000000
-2120.000000 -969.000000 -9492.000000
-993.000000 -2108.000000 -9693.000000
-2447.000000 -2854.000000 -9370.000000
-3979.000000 -2658.000000 -9263.000000
-2895.000000 -1493.000000 -9715.000000
-4544.000000 758.000000 -9028.000000
-3144.000000 -107.000000 -9215.000000
-1981.000000 -1122.000000 -9413.000000
-1277.000000 -3060.000000 -9370.000000
-1998.000000 -1519.000000 -9021.000000
-1100.000000 -2488.000000 -9734.000000
-3960.000000 -2617.000000 -9095.000000
-2828.000000 -1627.000000 -9605.000000
-4115.000000 -691.000000 -9495.000000
-2847.000000 -1579.000000 -9291.000000
-3862.000000 -2897.000000 -9143.000000
-2876.000000 -1586.000000 -8952.000000
-3512.000000 -2928.000000 -9114.000000
-3723.000000 -1433.000000 -8815.000000
-3608.000000 -2885.000000 -8703.000000
-1993.000000 -2749.000000 -8925.000000
-4324.000000 -3838.000000 -8753.000000
-2653.000000 -3563.000000 -9131.000000
-2302.000000 -2048.000000 -9308.000000
-3618.000000 -713.000000 -9672.000000
-2347.000000 -1701.000000 -9514.000000
-3242.000000 -3079.000000 -9332.000000
-4702.000000 -3412.000000 -8652.000000
-3608.000000 -2136.000000 -9272.000000
-2077.000000 -2766.000000 -9531.000000
-588.000000 -3613.000000 -9622.000000
-2132.000000 -2421.000000 -8822.000000
-2995.000000 -1299.000000 -9100.000000
-1658.000000 -1282.000000 -9902.000000
-3211.000000 -1196.000000 -9767.000000
-2677.000000 -2699.000000 -9746.000000
-1148.000000 -2299.000000 -9961.000000
-1045.000000 -753.000000 -9767.000000
-1146.000000 854.000000 -9753.000000
-1206.000000 2349.000000 -9672.000000
-265.000000 1289.000000 -10332.000000
16.000000 -370.000000 -10385.000000
11.000000 -1952.000000 -10227.000000
-421.000000 -3350.000000 -9653.000000
-1964.000000 -3445.000000 -9552.000000
-1483.000000 -1902.000000 -9904.000000
-464.000000 -734.000000 -10079.000000
-201.000000 811.000000 -9923.000000
452.000000 -861.000000 -10421.000000
-248.000000 646.000000 -10146.000000
162.000000 2163.000000 -10210.000000
-172.000000 732.000000 -9624.000000
433.000000 -509.000000 -10131.000000
751.000000 935.000000 -9741.000000
397.000000 2395.000000 -9911.000000
1069.000000 3268.000000 -8559.000000
229.000000 1713.000000 -10150.000000
-81.000000 64.000000 -9756.000000
514.000000 1514.000000 -10002.000000
725.000000 3101.000000 -9844.000000
1907.000000 2060.000000 -9906.000000
552.000000 1308.000000 -9911.000000
1419.000000 2644.000000 -9732.000000
2373.000000 3797.000000 -9411.000000
2845.000000 2323.000000 -8791.000000
1191.000000 1691.000000 -10007.000000
411.000000 538.000000 -9193.000000
1124.000000 1754.000000 -9363.000000
1253.000000 3232.000000 -9370.000000
2613.000000 3610.000000 -8540.000000
1416.000000 5152.000000 -8858.000000
1490.000000 3491.000000 -8937.000000
2613.000000 2550.000000 -9358.000000
2596.000000 3989.000000 -8892.000000
2708.000000 2452.000000 -8631.000000
2747.000000 3886.000000 -8743.000000
4166.000000 3993.000000 -8042.000000
4838.000000 2684.000000 -7597.000000
4455.000000 2735.000000 -9064.000000
1849.000000 3235.000000 -8471.000000
2936.000000 2182.000000 -8482.000000
2593.000000 3565.000000 -8298.000000
2325.000000 4982.000000 -8375.000000
3807.000000 4072.000000 -8770.000000
3122.000000 2567.000000 -8559.000000
1519.000000 3613.000000 -8444.000000
1785.000000 5039.000000 -8590.000000
291.000000 5101.000000 -8310.000000
-792.000000 6121.000000 -8147.000000
1548.000000 5154.000000 -8889.000000
-1033.000000 5757.000000 -8002.000000
-2017.000000 6884.000000 -7556.000000
-4192.000000 6288.000000 -6901.000000
-1385.000000 6429.000000 -7657.000000
-2591.000000 5479.000000 -7544.000000
196.000000 5850.000000 -8179.000000
-2598.000000 5850.000000 -7097.000000
-1344.000000 6460.000000 -7454.000000
-275.000000 5338.000000 -8224.000000
1110.000000 4486.000000 -8710.000000
2235.000000 3340.000000 -8616.000000
3053.000000 1871.000000 -8956.000000
4580.000000 2404.000000 -8281.000000
2706.000000 3206.000000 -8487.000000
2361.000000 5757.000000 -7765.000000
-500.000000 6453.000000 -7755.000000
-220.000000 4570.000000 -8834.000000
-612.000000 6051.000000 -7980.000000
-1940.000000 7142.000000 -7217.000000
-1057.000000 6039.000000 -7901.000000
-2371.000000 6714.000000 -7473.000000
-1273.000000 5795.000000 -8169.000000
-1588.000000 6860.000000 -6908.000000
-1119.000000 6267.000000 -8301.000000
-1342.000000 7949.000000 -6621.000000
-1928.000000 6791.000000 -7724.000000
-1387.000000 5271.000000 -7800.000000
-1275.000000 6719.000000 -7707.000000
260.000000 6446.000000 -7753.000000
-437.000000 5087.000000 -7666.000000
-464.000000 6477.000000 -7492.000000
658.000000 5747.000000 -8279.000000
413.000000 7178.000000 -6934.000000
2711.000000 8090.000000 -5568.000000
1768.000000 6664.000000 -7202.000000
2278.000000 5128.000000 -8571.000000
1256.000000 5570.000000 -7509.000000
117.000000 6848.000000 -7111.000000
-658.000000 8037.000000 -6602.000000
-208.000000 6506.000000 -6709.000000
504.000000 5853.000000 -7777.000000
1158.000000 7032.000000 -7097.000000
1184.000000 4618.000000 -7958.000000
1354.000000 6166.000000 -7712.000000
38.000000 7532.000000 -6393.000000
1411.000000 7056.000000 -7288.000000
1667.000000 5396.000000 -7647.000000
3151.000000 6322.000000 -7626.000000
1462.000000 6090.000000 -6841.000000
2696.000000 6738.000000 -7150.000000
1021.000000 7872.000000 -6774.000000
1289.000000 6207.000000 -7188.000000
2732.000000 6451.000000 -7193.000000
1397.000000 7530.000000 -7126.000000
1840.000000 5685.000000 -7042.000000
2849.000000 6697.000000 -7119.000000
1177.000000 6343.000000 -6987.000000
2524.000000 5996.000000 -7348.000000
1507.000000 6977.000000 -6829.000000
2498.000000 5247.000000 -7190.000000
3122.000000 6506.000000 -7341.000000
1622.000000 6523.000000 -6913.000000
2840.000000 6020.000000 -7599.000000
1732.000000 6755.000000 -6860.000000
2445.000000 5635.000000 -7494.000000
2321.000000 7379.000000 -7068.000000
1708.000000 5936.000000 -7296.000000
3335.000000 6259.000000 -7274.000000
1481.000000 7655.000000 -6980.000000
1962.000000 6082.000000 -7107.000000
2967.000000 5010.000000 -7473.000000
3811.000000 6159.000000 -7566.000000
2699.000000 7181.000000 -7099.000000
1880.000000 5829.000000 -7013.000000
4551.000000 6166.000000 -7164.000000
3122.000000 5728.000000 -6556.000000
1146.000000 6236.000000 -6745.000000
3127.000000 6982.000000 -7164.000000
1938.000000 5843.000000 -7063.000000
3244.000000 6448.000000 -6906.000000
