214 -310 66
215 -310 67
214 -310 64
214 -311 66
214 -311 66
215 -309 66
214 -310 66
215 -312 66
215 -310 66
215 -309 66
213 -309 65
215 -311 65
214 -308 67
214 -309 67
214 -309 64
214 -310 66
215 -308 66
213 -311 66
213 -311 67
213 -309 66
213 -311 66
213 -310 66
214 -310 65
213 -310 65
215 -312 64
213 -310 64
212 -311 65
213 -310 65
215 -310 65
215 -308 64
214 -311 66
213 -309 67
213 -309 67
214 -312 66
217 -311 65
217 -311 64
215 -311 66
213 -311 64
214 -311 68
216 -310 64
215 -311 65
214 -311 66
213 -311 66
212 -310 65
215 -311 67
215 -309 66
213 -310 65
213 -310 65
216 -311 66
216 -311 66
215 -311 67
212 -311 66
215 -308 66
214 -310 65
214 -312 67
216 -308 66
215 -311 65
214 -311 65
214 -312 66
214 -311 65
214 -313 65
212 -310 66
215 -310 66
214 -312 66
214 -310 65
215 -312 65
214 -310 67
216 -310 68
213 -311 65
213 -311 65
215 -310 65
213 -311 64
213 -310 65
216 -310 66
213 -310 66
213 -309 64
215 -308 64
214 -312 64
213 -312 67
216 -311 64
213 -311 65
213 -311 67
215 -311 65
213 -312 65
214 -308 65
214 -310 65
214 -309 65
214 -310 66
216 -311 65
213 -313 60
213 -313 60
215 -313 60
215 -313 58
216 -313 58
216 -312 55
208 -318 54
207 -321 48
193 -329 37
181 -337 23
172 -342 19
165 -342 15
160 -344 16
164 -346 11
171 -347 -1
179 -347 -11
178 -351 -23
177 -353 -26
172 -354 -25
164 -355 -25
157 -359 -28
149 -361 -27
139 -363 -30
139 -366 -32
130 -367 -35
124 -370 -34
118 -369 -40
117 -373 -47
114 -375 -59
113 -375 -64
115 -377 -63
120 -377 -69
119 -380 -75
114 -377 -72
113 -378 -66
108 -378 -69
97 -381 -67
96 -381 -68
95 -381 -72
89 -383 -78
86 -382 -93
86 -383 -102
79 -386 -104
76 -389 -107
77 -389 -102
78 -386 -96
79 -387 -94
77 -388 -92
87 -383 -80
93 -382 -64
98 -380 -52
104 -379 -39
110 -374 -25
119 -373 -21
123 -371 -18
139 -369 -12
149 -360 5
156 -360 14
162 -356 21
172 -351 29
181 -347 33
182 -344 41
185 -344 43
188 -343 41
202 -339 42
213 -334 45
230 -327 51
237 -320 55
245 -320 56
241 -323 50
249 -323 49
249 -323 49
251 -321 49
240 -321 53
237 -320 59
226 -325 58
221 -331 59
209 -332 63
186 -337 68
140 -341 90
116 -340 109
103 -333 127
103 -324 147
97 -313 172
88 -312 175
68 -309 182
56 -309 190
71 -313 180
81 -321 164
81 -325 151
98 -332 131
115 -348 84
118 -357 57
109 -369 28
99 -375 12
81 -378 3
82 -376 11
86 -376 17
75 -378 8
60 -382 -1
69 -378 8
79 -372 32
81 -362 61
85 -365 54
77 -371 44
71 -369 49
78 -369 44
78 -374 24
74 -378 10
73 -380 3
83 -379 0
87 -378 2
80 -382 3
63 -387 -10
40 -388 -13
11 -384 15
3 -370 53
3 -354 98
11 -336 137
35 -308 187
53 -288 218
82 -274 232
119 -261 238
160 -261 222
190 -258 212
233 -244 209
271 -221 214
297 -212 202
316 -219 174
336 -233 133
354 -241 92
367 -257 43
368 -268 7
358 -283 -20
339 -301 -42
313 -319 -66
288 -337 -86
255 -352 -98
217 -365 -97
167 -381 -104
140 -388 -107
114 -392 -100
95 -395 -96
50 -398 -75
14 -394 -41
-14 -387 -8
-50 -381 36
-68 -362 71
-79 -353 98
-86 -336 130
-86 -336 130
-104 -312 174
-111 -314 168
-111 -318 162
-110 -322 155
-105 -326 149
-101 -331 139
-99 -333 132
-88 -340 127
-87 -340 127
-82 -342 127
-73 -339 128
-53 -340 129
-36 -343 126
-23 -348 121
-17 -346 121
-6 -348 121
1 -350 114
-1 -352 106
-4 -352 102
-12 -351 108
-20 -350 115
-20 -347 120
-15 -342 127
-3 -336 139
10 -336 143
22 -338 139
32 -340 129
39 -351 107
25 -355 96
8 -358 90
-7 -358 92
-2 -355 105
18 -349 115
37 -344 119
37 -345 116
45 -352 102
55 -353 93
65 -354 90
70 -353 91
71 -357 77
75 -364 57
84 -371 29
95 -374 10
112 -372 11
122 -367 24
130 -360 37
137 -352 59
145 -337 93
153 -323 122
161 -307 146
175 -296 161
196 -287 166
200 -278 176
198 -271 189
198 -264 202
202 -254 215
201 -244 226
188 -237 243
175 -237 250
149 -249 246
132 -264 229
117 -284 208
97 -305 183
81 -326 142
78 -343 111
75 -355 85
84 -364 55
101 -369 26
122 -367 16
142 -361 22
165 -348 45
191 -329 81
202 -313 108
208 -295 141
203 -282 171
173 -282 191
139 -290 192
104 -301 188
82 -313 168
63 -337 126
52 -354 92
46 -366 62
50 -374 31
68 -380 1
93 -380 -15
128 -373 -15
157 -365 1
186 -344 43
202 -326 83
215 -304 121
213 -281 162
206 -257 204
190 -243 234
169 -236 252
137 -242 258
90 -266 240
63 -284 223
58 -304 189
68 -330 137
87 -362 54
112 -373 2
142 -374 -24
187 -365 -36
226 -349 -27
244 -337 4
247 -323 48
238 -303 101
229 -262 187
210 -223 255
190 -187 306
168 -148 338
141 -108 380
133 -91 390
137 -93 386
135 -124 367
132 -174 331
114 -204 309
89 -235 286
66 -259 258
54 -306 190
69 -337 129
96 -358 68
143 -368 6
180 -363 -20
220 -357 -41
257 -338 -35
257 -338 -35
304 -296 37
288 -284 93
260 -264 163
209 -227 248
185 -199 291
175 -172 317
159 -160 333
119 -162 343
83 -163 352
56 -179 343
50 -216 309
64 -284 225
84 -328 141
111 -361 54
146 -370 -11
200 -365 -67
242 -353 -95
293 -332 -108
343 -303 -103
405 -254 -67
435 -218 -27
452 -190 19
447 -164 81
411 -131 178
374 -104 244
331 -70 304
292 -42 347
249 -24 380
213 -22 395
170 -16 415
127 0 432
76 6 442
42 -7 444
6 -33 433
-25 -68 418
-65 -136 377
-93 -198 322
-120 -256 251
-138 -307 167
-146 -358 43
-117 -382 -44
-64 -399 -120
6 -401 -185
92 -392 -235
148 -381 -236
205 -369 -203
262 -350 -159
320 -319 -98
349 -292 -45
363 -266 20
364 -230 101
341 -181 203
314 -148 261
273 -133 303
223 -125 335
132 -112 379
66 -93 404
13 -85 411
-23 -87 408
-62 -119 387
-96 -161 354
-124 -214 301
-145 -265 232
-170 -321 127
-183 -354 30
-173 -375 -66
-103 -397 -184
-28 -394 -255
51 -385 -296
130 -376 -302
233 -352 -264
307 -325 -222
373 -291 -176
416 -253 -121
451 -211 -39
466 -170 26
471 -132 82
467 -104 128
445 -89 176
419 -84 211
390 -68 253
363 -50 292
327 -24 331
297 -1 360
269 18 382
250 42 397
228 73 412
212 92 418
193 101 428
180 104 432
161 101 436
150 98 442
137 93 442
126 85 442
95 62 447
65 39 448
35 18 446
5 -4 440
-44 -49 426
-86 -87 404
-125 -124 373
-165 -158 340
-214 -202 283
-242 -232 232
-259 -264 174
-277 -294 104
-295 -320 -3
-309 -327 -82
-301 -337 -158
-264 -353 -219
-175 -370 -287
-92 -376 -333
-13 -371 -372
65 -358 -402
166 -339 -403
242 -322 -372
318 -300 -330
407 -267 -261
456 -219 -217
489 -186 -179
508 -160 -136
522 -127 -64
530 -100 -12
525 -72 42
514 -51 93
482 -38 163
454 -28 204
426 -18 244
394 -13 280
351 0 323
323 11 345
289 21 366
254 16 387
213 9 400
201 15 406
191 18 413
177 11 416
148 6 422
116 12 431
77 25 440
37 47 449
-15 88 454
-41 112 456
-63 108 454
-74 93 452
-77 59 453
-74 55 450
-72 44 452
-63 27 448
-49 0 447
-36 -17 441
-21 -32 435
-15 -54 428
-6 -109 402
-6 -133 385
-5 -155 370
-8 -183 349
-28 -216 317
-43 -235 297
-51 -246 282
-57 -254 275
-59 -255 273
-62 -246 281
-60 -242 287
-59 -240 291
-50 -215 316
-48 -214 318
-53 -219 313
-52 -222 308
-47 -235 296
-40 -245 286
-47 -254 276
-57 -271 250
-62 -305 202
-47 -327 163
-28 -343 129
-20 -357 103
-23 -356 101
-24 -345 124
-9 -323 163
21 -296 208
69 -235 279
94 -177 325
103 -120 367
100 -62 402
55 4 432
7 26 444
-59 16 443
-133 3 429
-218 -27 396
-271 -74 351
-302 -139 288
-311 -200 222
-286 -262 162
-240 -292 138
-206 -309 133
-173 -310 148
-123 -287 209
-84 -250 267
-49 -200 321
-33 -142 372
-41 -57 416
-83 -6 435
-146 23 433
-223 25 410
-322 -10 351
-377 -63 287
-403 -129 217
-395 -197 151
-338 -280 61
-285 -321 26
-242 -337 29
-216 -341 57
-211 -337 68
-207 -333 79
-214 -327 97
-214 -327 97
-213 -318 116
-221 -309 126
-237 -300 130
-231 -304 137
-218 -312 122
-212 -325 95
-207 -340 61
-191 -357 14
-175 -369 -19
-159 -378 -41
-142 -378 -39
-127 -374 3
-119 -358 60
-100 -331 133
-76 -291 209
-33 -227 296
-7 -164 349
-6 -99 396
-41 -42 425
-116 18 437
-178 41 427
-248 49 405
-326 30 360
-410 -12 281
-448 -56 220
-469 -111 150
-466 -165 76
-433 -235 -2
-397 -275 -51
-362 -302 -71
-318 -322 -51
-239 -346 5
-164 -350 63
-90 -332 139
-21 -294 214
59 -225 293
107 -172 331
150 -110 361
184 -45 387
212 46 402
219 99 404
223 141 403
214 180 404
168 230 411
109 268 419
31 290 421
-59 304 417
-182 303 394
-272 287 364
-352 249 333
-450 175 267
-512 118 191
-560 70 102
-582 29 20
-589 -19 -90
-588 -35 -163
-582 -40 -218
-579 -31 -257
-578 -19 -266
-581 -23 -258
-579 -36 -237
-574 -59 -201
-555 -108 -144
-523 -149 -82
-469 -194 -14
-359 -255 81
-252 -279 150
-134 -272 216
-24 -242 280
108 -176 328
183 -124 341
235 -72 348
258 -19 359
257 54 383
226 118 403
172 183 419
103 227 433
-10 274 431
-93 303 416
-176 322 387
-263 326 353
-374 303 293
-441 272 244
-498 237 186
-552 194 115
-596 124 14
-608 71 -62
-609 32 -138
-603 14 -214
-586 9 -297
-576 12 -331
-571 12 -338
-573 4 -329
-573 -18 -304
-571 -43 -269
-568 -75 -212
-548 -115 -141
-500 -169 -39
-447 -206 25
-385 -229 86
-320 -244 147
-221 -234 233
-147 -207 292
-68 -166 345
11 -110 383
100 -33 410
138 31 419
157 110 424
156 191 421
123 278 407
68 325 399
-24 351 394
-177 335 381
-292 286 356
-388 221 316
-453 156 266
-509 92 196
-519 48 170
-511 6 167
-489 -44 172
-419 -142 180
-328 -216 186
-229 -265 194
-136 -288 204
-38 -289 218
18 -275 236
71 -252 254
129 -226 267
194 -183 285
222 -132 310
233 -82 339
239 -24 362
234 66 391
218 141 401
192 205 405
149 269 404
70 338 391
-15 377 377
-108 401 353
-210 398 323
-338 370 270
-418 330 225
-485 288 175
-536 233 120
-590 170 10
-612 129 -78
-615 102 -142
-614 95 -191
-607 112 -236
-605 126 -257
-606 138 -263
-606 133 -256
-607 95 -227
-604 49 -198
-593 -8 -164
-593 -8 -164
-526 -143 -154
-490 -193 -166
-453 -231 -184
-398 -269 -220
-361 -295 -250
-318 -312 -285
-269 -328 -319
-193 -343 -366
-140 -347 -395
-84 -356 -401
-29 -363 -391
47 -365 -379
102 -364 -370
152 -355 -364
187 -346 -360
207 -343 -353
190 -350 -349
161 -359 -343
114 -371 -335
29 -387 -328
-42 -386 -318
-107 -381 -307
-161 -370 -295
-212 -360 -272
-237 -354 -256
-255 -352 -243
-260 -350 -230
-256 -348 -222
-257 -350 -210
-256 -352 -202
-262 -352 -194
-257 -350 -196
-255 -353 -195
-246 -355 -198
-230 -362 -203
-214 -368 -207
-200 -371 -210
-182 -375 -213
-151 -381 -215
-121 -389 -214
-83 -397 -207
-51 -400 -201
-5 -402 -200
26 -400 -195
52 -400 -189
77 -398 -185
102 -394 -179
116 -393 -172
112 -393 -166
101 -395 -147
75 -393 -79
80 -381 -12
102 -363 52
129 -334 107
140 -299 179
135 -264 231
119 -229 278
119 -229 278
95 -157 351
85 -138 369
77 -123 383
77 -123 383
67 -110 389
60 -105 393
57 -103 396
56 -97 400
51 -92 401
48 -88 403
45 -83 407
40 -80 410
41 -79 409
36 -76 412
35 -77 411
30 -74 413
30 -75 413
27 -73 413
28 -74 413
27 -72 413
26 -76 411
25 -86 407
29 -98 401
37 -109 395
40 -116 389
41 -122 388
43 -127 384
43 -129 384
39 -128 380
35 -130 381
36 -133 382
32 -139 377
29 -147 371
28 -158 362
24 -165 356
19 -128 385
8 -91 406
-9 -64 421
-18 -51 427
-34 -40 429
-45 -34 432
-55 -40 428
-59 -55 423
-58 -87 409
-55 -114 395
-48 -145 373
-46 -185 343
-41 -241 288
-40 -287 232
-50 -327 163
-63 -357 96
-82 -377 16
-92 -387 -34
-99 -394 -90
-109 -395 -143
-129 -388 -210
-145 -381 -256
-166 -366 -310
-176 -351 -357
-184 -322 -425
-188 -300 -468
-189 -277 -505
-190 -254 -542
-179 -228 -580
-164 -210 -603
-142 -201 -620
-123 -196 -632
-116 -190 -640
-105 -182 -646
-95 -173 -658
-82 -159 -668
-65 -139 -683
-58 -136 -683
-58 -137 -683
-59 -135 -683
-59 -135 -685
-53 -137 -682
-52 -137 -682
-56 -137 -682
-72 -127 -686
-75 -114 -698
-64 -93 -712
-46 -97 -712
-38 -109 -706
-42 -111 -703
-46 -102 -709
-52 -72 -724
-49 -55 -734
-34 -29 -745
-23 0 -757
-11 57 -766
2 109 -773
20 159 -769
37 219 -761
57 294 -734
64 355 -705
69 406 -667
74 455 -619
76 516 -546
76 555 -488
84 582 -428
88 605 -370
89 622 -298
87 630 -244
79 638 -186
69 640 -130
54 635 -60
50 627 -9
50 617 38
51 601 88
66 572 155
79 542 203
94 512 241
111 485 273
135 456 298
142 444 304
146 436 310
136 435 317
120 431 325
113 428 332
108 428 332
111 431 326
117 440 318
120 443 316
121 443 312
119 439 315
120 431 324
119 426 328
117 418 334
102 403 349
71 385 370
63 393 366
65 414 351
74 426 339
76 412 350
68 384 371
56 361 389
51 345 398
34 308 416
21 263 436
6 217 449
-14 169 458
-41 100 458
-54 41 453
-66 -28 432
-70 -101 398
-67 -193 329
-52 -249 276
-43 -293 222
-41 -328 159
-47 -364 67
-48 -386 -3
-35 -397 -71
-29 -402 -138
-29 -398 -228
-37 -390 -289
-39 -379 -342
-40 -364 -389
-34 -365 -389
-28 -371 -368
-26 -380 -332
-21 -395 -256
-19 -403 -183
-15 -401 -106
-4 -394 -45
16 -383 4
27 -375 34
33 -368 57
37 -362 75
47 -351 98
45 -344 119
39 -340 129
30 -333 139
21 -332 149
18 -327 161
23 -315 182
43 -308 193
53 -310 191
64 -314 181
80 -317 169
93 -316 170
92 -313 169
105 -317 160
112 -324 141
108 -327 139
113 -317 156
121 -320 148
120 -329 124
117 -339 105
127 -340 95
126 -341 95
127 -345 88
130 -347 81
138 -351 69
126 -351 71
110 -353 75
105 -358 71
131 -359 51
152 -350 58
157 -350 58
149 -348 60
141 -350 62
149 -354 47
176 -350 24
202 -345 13
246 -330 5
282 -315 6
288 -310 5
285 -314 -2
304 -315 -40
331 -304 -64
359 -289 -76
387 -269 -79
409 -250 -75
418 -243 -71
424 -239 -81
433 -237 -104
441 -230 -128
445 -226 -126
444 -223 -118
442 -227 -112
439 -232 -111
438 -228 -100
442 -225 -94
445 -219 -84
445 -222 -96
441 -224 -110
442 -229 -133
440 -228 -148
438 -230 -147
446 -223 -145
455 -210 -129
466 -203 -127
456 -210 -142
449 -221 -153
435 -232 -162
425 -242 -160
425 -244 -150
423 -245 -145
414 -251 -146
397 -264 -151
377 -281 -151
360 -292 -155
335 -307 -160
287 -333 -170
234 -356 -183
174 -374 -204
117 -386 -217
36 -395 -223
-27 -397 -224
-95 -389 -226
-169 -380 -223
-245 -357 -213
-289 -339 -203
-326 -321 -194
-356 -301 -183
-392 -280 -173
-407 -267 -170
-426 -255 -173
-441 -240 -178
-456 -224 -179
-465 -217 -175
-467 -213 -178
-470 -207 -178
-480 -199 -182
-486 -192 -181
-487 -187 -172
-490 -188 -168
-492 -185 -163
-492 -182 -161
-492 -185 -165
-488 -185 -169
-491 -183 -174
-496 -177 -177
-498 -175 -175
-498 -175 -175
-520 -146 -170
-530 -128 -163
-537 -117 -159
-525 -139 -173
-510 -161 -184
-504 -172 -194
-509 -161 -198
-536 -125 -193
-548 -107 -193
-558 -82 -185
-575 -45 -179
-601 25 -169
-608 81 -155
-608 150 -141
-595 227 -124
-558 318 -96
-516 391 -74
-454 453 -51
-383 511 -31
-270 571 -13
-187 604 -6
-110 618 -8
-35 629 -18
62 632 -42
120 627 -62
170 618 -73
217 605 -84
265 591 -97
298 573 -113
329 559 -127
356 542 -139
383 526 -145
401 512 -144
412 503 -143
421 495 -137
433 486 -128
438 479 -123
441 477 -120
444 475 -125
450 469 -127
449 469 -129
448 472 -135
444 476 -141
442 477 -146
440 476 -147
445 475 -147
449 469 -150
454 468 -155
449 470 -162
446 472 -165
445 473 -165
442 477 -153
445 471 -139
458 459 -121
469 443 -102
463 449 -94
453 461 -99
449 467 -105
459 457 -112
486 432 -119
493 419 -119
495 417 -109
494 418 -94
496 412 -77
506 398 -73
526 367 -80
549 325 -94
576 265 -102
588 215 -107
594 166 -115
598 113 -121
589 41 -128
574 -16 -137
555 -70 -143
528 -115 -148
494 -165 -155
469 -195 -168
448 -221 -189
427 -234 -208
408 -250 -226
390 -262 -241
379 -268 -258
373 -271 -271
373 -270 -273
368 -271 -264
366 -275 -256
366 -275 -256
349 -287 -247
350 -287 -256
352 -284 -262
364 -278 -269
373 -268 -273
377 -265 -275
375 -266 -279
374 -265 -277
372 -269 -269
372 -273 -253
366 -275 -238
358 -278 -229
347 -287 -233
337 -293 -237
331 -294 -232
330 -296 -225
326 -295 -224
326 -295 -223
324 -298 -215
319 -299 -220
317 -299 -221
316 -301 -217
314 -300 -219
317 -299 -220
317 -300 -222
315 -301 -219
317 -302 -219
316 -300 -221
316 -300 -220
315 -299 -221
315 -300 -219
315 -300 -218
314 -299 -219
316 -301 -219
316 -300 -221
317 -300 -218
315 -302 -222
318 -304 -218
316 -301 -219
316 -299 -219
316 -300 -221
317 -302 -217
317 -300 -220
316 -301 -219
315 -300 -219
316 -301 -220
317 -301 -221
316 -300 -222
316 -301 -219
317 -300 -221
318 -300 -218
315 -302 -220
315 -301 -220
317 -301 -220
316 -301 -219
316 -302 -219
316 -300 -220
317 -299 -220
316 -301 -220
316 -300 -222
315 -301 -221
313 -300 -220
317 -301 -220
316 -300 -219
314 -301 -221
315 -301 -219
317 -301 -220
316 -298 -219
318 -302 -222
318 -301 -221
316 -301 -219
315 -303 -220
317 -302 -220
317 -299 -220
316 -302 -220
317 -301 -220
319 -301 -219
317 -300 -219
317 -301 -220
318 -302 -220
318 -300 -220
318 -299 -221
316 -299 -220
317 -301 -221
316 -300 -219
318 -302 -220
316 -300 -220
316 -302 -222
316 -300 -221
316 -301 -219